0.98671
0
1.80451
0
2.84892
0
3.7911
0
4.74668
0
5.92448
0
7.15569
0
8.08896
0
9.35116
0
10.529
0
11.8046
0
13.4224
0
14.8891
0
16.0135
0
17.4446
0
18.8401
0
34.2178
0
106.947
0
123.662
0
346.582
0
359.68
0
653.074
0
0.70665
0
1.51993
0
2.55105
0
3.37328
0
4.30662
0
4.98219
0
5.67108
0
6.37777
0
7.3644
0
11.9644
0
13.1867
0
14.5823
0
15.4845
0
16.529
0
17.5778
0
19.0446
0
35.6978
0
47.8667
0
58.4089
0
68.8311
0
153.586
0
386.302
0
646.923
0
953.31
0
954.022
0
954.939
0
955.629
0
956.622
0
957.321
0
958.025
0
958.911
0
959.659
0
959.983
0
959.992
0
960.01
0
960.023
0
960.054
0
960.068
0
960.072
0
0.57778
0
0.6578
0
1.22229
0
1.92013
0
2.81346
0
3.63122
0
4.21796
0
4.94239
0
5.73791
0
6.42677
0
7.16892
0
8.52446
0
9.96
0
10.6622
0
11.7111
0
13.191
0
13.9999
0
15.1777
0
18.2443
0
24.8709
0
31.4665
0
32.8086
0
0.64002
0
1.41335
0
2.14669
0
2.77777
0
3.40448
0
4.15559
0
5.00439
0
5.66216
0
6.51984
0
7.4976
0
8.4043
0
9.47987
0
10.4666
0
11.391
0
12.24
0
13.3289
0
14.3289
0
18.049
0
24.0267
0
31.2312
0
32.169
0
36.9334
0
47.2312
0
62.32
0
63.2756
0
63.911
0
64.8621
0
65.471
0
66.2621
0
66.9154
0
67.6709
0
68.4264
0
69.3064
0
70.662
0
71.782
0
73.1421
0
74.4132
0
75.2355
0
76.3868
0
77.3779
0
77.9246
0
77.9423
0
77.9557
0
77.9646
0
78.3468
0
78.3557
0
78.3646
0
78.369
0
78.9291
0
78.938
0
78.9602
0
78.9691
0
79.2135
0
79.2269
0
79.2357
0
79.2446
0
0.86228
0
1.45336
0
0.94229
0
0.76447
0
1.57331
0
0.92896
0
1.68897
0
2.65347
0
0.97781
0
1.7422
0
0.79114
0
1.14668
0
1.12893
0
1.09783
0
1.26225
0
0.25777
0
0.68002
0
0.03555
0
0.03555
0
1.08447
0
1.60443
0
1.78224
0
2.30662
0
4.01333
0
7.23542
0
2.1022
0
8.98227
0
4.80886
0
0.74664
0
0.66664
0
0.55999
0
0.72888
0
1.72888
0
4.67104
0
4.35106
0
1.22666
0
6.70229
0
0
0
0
0
1.67103
0
0.655779
0
0
0
0
0
0
0
4.01946e+06
0
0.287588
0
6.223
0
